=============================
J = 0    amp    J  mJ  m1  m2 
=============================
E = +9.975 kHz
	+1.000 0 +0 +0.5 -0.5
	-1.000 0 +0 -0.5 +0.5
E = -3.325 kHz
	+1.000 0 +0 +0.5 +0.5
E = -3.325 kHz
	-1.000 0 +0 +0.5 -0.5
	-1.000 0 +0 -0.5 +0.5
E = -3.325 kHz
	+1.000 0 +0 -0.5 -0.5


=============================
J = 1    amp    J  mJ  m1  m2 
=============================
E = +68.985 kHz
	-1.000 1 +0 -0.5 -0.5
	-0.707 1 -1 -0.5 +0.5
	-0.707 1 -1 +0.5 -0.5
E = +68.985 kHz
	+1.000 1 +1 +0.5 +0.5
E = +68.985 kHz
	+1.000 1 +0 +0.5 +0.5
	+0.707 1 +1 -0.5 +0.5
	+0.707 1 +1 +0.5 -0.5
E = +68.985 kHz
	+1.000 1 -1 -0.5 -0.5
E = +68.985 kHz
	-1.000 1 +0 -0.5 +0.5
	-1.000 1 +0 +0.5 -0.5
	-0.707 1 -1 +0.5 +0.5
	-0.707 1 +1 -0.5 -0.5
E = +54.446 kHz
	-1.000 1 +0 +0.5 -0.5
	+1.000 1 +0 -0.5 +0.5
	-0.582 1 +1 -0.5 -0.5
	+0.582 1 -1 +0.5 +0.5
E = +54.446 kHz
	+1.000 1 +1 +0.5 -0.5
	-0.417 1 +1 -0.5 +0.5
	-0.412 1 +0 +0.5 +0.5
E = +54.446 kHz
	-1.000 1 -1 -0.5 +0.5
	+0.417 1 -1 +0.5 -0.5
	+0.412 1 +0 -0.5 -0.5
E = -121.506 kHz
	+1.000 1 +1 -0.5 -0.5
	-1.000 1 -1 +0.5 +0.5
	-0.582 1 +0 +0.5 -0.5
	+0.582 1 +0 -0.5 +0.5
E = -121.506 kHz
	-1.000 1 +1 -0.5 +0.5
	+0.776 1 +0 +0.5 +0.5
E = -121.506 kHz
	+1.000 1 -1 +0.5 -0.5
	-0.776 1 +0 -0.5 -0.5
E = -143.745 kHz
	+1.000 1 -1 +0.5 +0.5
	+1.000 1 +1 -0.5 -0.5
	-0.707 1 +0 -0.5 +0.5
	-0.707 1 +0 +0.5 -0.5


=============================
J = 2    amp    J  mJ  m1  m2 
=============================
E = +141.095 kHz
	-1.000 2 -1 -0.5 -0.5
	-0.500 2 -2 -0.5 +0.5
	-0.500 2 -2 +0.5 -0.5
E = +141.095 kHz
	-1.000 2 +0 -0.5 +0.5
	-1.000 2 +0 +0.5 -0.5
	-0.816 2 -1 +0.5 +0.5
	-0.816 2 +1 -0.5 -0.5
	+0.228 2 +0 +0.5 +0.5
	+0.186 2 +1 -0.5 +0.5
	+0.186 2 +1 +0.5 -0.5
E = +141.095 kHz
	+1.000 2 +2 +0.5 +0.5
E = +141.095 kHz
	+1.000 2 -2 -0.5 -0.5
E = +141.095 kHz
	-1.000 2 +1 +0.5 +0.5
	-0.500 2 +2 +0.5 -0.5
	-0.500 2 +2 -0.5 +0.5
E = +141.095 kHz
	-1.000 2 +0 -0.5 -0.5
	-0.816 2 -1 +0.5 -0.5
	-0.816 2 -1 -0.5 +0.5
	-0.408 2 -2 +0.5 +0.5
E = +141.095 kHz
	+1.000 2 +0 +0.5 +0.5
	+0.816 2 +1 +0.5 -0.5
	+0.816 2 +1 -0.5 +0.5
	+0.408 2 +2 -0.5 -0.5
	+0.171 2 +0 -0.5 +0.5
	+0.171 2 +0 +0.5 -0.5
	+0.140 2 -1 +0.5 +0.5
	+0.140 2 +1 -0.5 -0.5
E = +105.876 kHz
	+1.000 2 +2 +0.5 -0.5
	-0.372 2 +1 +0.5 +0.5
	-0.257 2 +2 -0.5 +0.5
E = +105.876 kHz
	+1.000 2 +0 +0.5 -0.5
	-1.000 2 +0 -0.5 +0.5
	+0.724 2 +1 -0.5 -0.5
	-0.724 2 -1 +0.5 +0.5
	+0.522 2 +1 +0.5 -0.5
	-0.292 2 +0 +0.5 +0.5
	-0.284 2 +1 -0.5 +0.5
	+0.238 2 +2 -0.5 -0.5
E = +105.876 kHz
	-1.000 2 -2 -0.5 +0.5
	+0.372 2 -1 -0.5 -0.5
	+0.257 2 -2 +0.5 -0.5
E = +105.876 kHz
	+1.000 2 +1 +0.5 -0.5
	-0.559 2 +0 +0.5 +0.5
	-0.544 2 +1 -0.5 +0.5
	+0.456 2 +2 -0.5 -0.5
	-0.311 2 +0 +0.5 -0.5
	+0.311 2 +0 -0.5 +0.5
	-0.225 2 +1 -0.5 -0.5
	+0.225 2 -1 +0.5 +0.5
E = +105.876 kHz
	+1.000 2 -1 -0.5 +0.5
	-0.559 2 +0 -0.5 -0.5
	-0.544 2 -1 +0.5 -0.5
	+0.456 2 -2 +0.5 +0.5
E = -172.936 kHz
	-1.000 2 -1 +0.5 -0.5
	+0.883 2 +0 -0.5 -0.5
	-0.721 2 -2 +0.5 +0.5
	+0.279 2 -1 -0.5 +0.5
E = -172.936 kHz
	-1.000 2 -1 +0.5 +0.5
	+1.000 2 +1 -0.5 -0.5
	+0.724 2 +0 -0.5 +0.5
	-0.724 2 +0 +0.5 -0.5
	-0.144 2 +1 -0.5 +0.5
	+0.127 2 +0 +0.5 +0.5
	-0.104 2 +2 -0.5 -0.5
E = -172.936 kHz
	-1.000 2 +1 -0.5 +0.5
	+0.883 2 +0 +0.5 +0.5
	-0.721 2 +2 -0.5 -0.5
	+0.279 2 +1 +0.5 -0.5
	+0.112 2 -1 +0.5 +0.5
	-0.112 2 +1 -0.5 -0.5
E = -172.936 kHz
	+1.000 2 -2 +0.5 -0.5
	-0.530 2 -1 -0.5 -0.5
E = -172.936 kHz
	+1.000 2 +2 -0.5 +0.5
	-0.530 2 +1 +0.5 +0.5
E = -217.455 kHz
	+1.000 2 +1 -0.5 -0.5
	+1.000 2 -1 +0.5 +0.5
	-0.816 2 +0 +0.5 -0.5
	-0.816 2 +0 -0.5 +0.5
E = -217.455 kHz
	+1.000 2 +2 -0.5 -0.5
	-0.500 2 +1 -0.5 +0.5
	-0.500 2 +1 +0.5 -0.5
	+0.408 2 +0 +0.5 +0.5
E = -217.455 kHz
	+1.000 2 -2 +0.5 +0.5
	-0.500 2 -1 -0.5 +0.5
	-0.500 2 -1 +0.5 -0.5
	+0.408 2 +0 -0.5 -0.5


=============================
J = 3    amp    J  mJ  m1  m2 
=============================
E = +213.138 kHz
	+1.000 3 +0 -0.5 +0.5
	+1.000 3 +0 +0.5 -0.5
	+0.866 3 -1 +0.5 +0.5
	+0.866 3 +1 -0.5 -0.5
	-0.133 3 +0 +0.5 +0.5
	-0.116 3 +1 -0.5 +0.5
	-0.116 3 +1 +0.5 -0.5
E = +213.138 kHz
	-1.000 3 +1 +0.5 +0.5
	-0.632 3 +2 +0.5 -0.5
	-0.632 3 +2 -0.5 +0.5
	-0.258 3 +3 -0.5 -0.5
	-0.163 3 +2 +0.5 +0.5
E = +213.138 kHz
	-1.000 3 +0 +0.5 +0.5
	-0.866 3 +1 -0.5 +0.5
	-0.866 3 +1 +0.5 -0.5
	-0.548 3 +2 -0.5 -0.5
	-0.107 3 +0 -0.5 +0.5
	-0.107 3 +0 +0.5 -0.5
E = +213.138 kHz
	+1.000 3 +3 +0.5 +0.5
E = +213.138 kHz
	+1.000 3 -3 -0.5 -0.5
E = +213.138 kHz
	-1.000 3 +0 -0.5 -0.5
	-0.866 3 -1 +0.5 -0.5
	-0.866 3 -1 -0.5 +0.5
	-0.548 3 -2 +0.5 +0.5
E = +213.138 kHz
	+1.000 3 +2 +0.5 +0.5
	+0.408 3 +3 +0.5 -0.5
	+0.408 3 +3 -0.5 +0.5
	-0.117 3 +1 +0.5 +0.5
E = +213.138 kHz
	+1.000 3 -2 -0.5 -0.5
	+0.408 3 -3 -0.5 +0.5
	+0.408 3 -3 +0.5 -0.5
E = +213.138 kHz
	-1.000 3 -1 -0.5 -0.5
	-0.632 3 -2 -0.5 +0.5
	-0.632 3 -2 +0.5 -0.5
	-0.258 3 -3 +0.5 +0.5
E = +158.760 kHz
	+1.000 3 +0 +0.5 -0.5
	-1.000 3 +0 -0.5 +0.5
	+0.794 3 +1 -0.5 -0.5
	-0.794 3 -1 +0.5 +0.5
	+0.169 3 +1 +0.5 -0.5
	-0.109 3 +0 +0.5 +0.5
	-0.106 3 +1 -0.5 +0.5
E = +158.760 kHz
	+1.000 3 +2 +0.5 -0.5
	-0.497 3 +1 +0.5 +0.5
	+0.385 3 +3 -0.5 -0.5
	-0.371 3 +2 -0.5 +0.5
E = +158.760 kHz
	+1.000 3 -2 -0.5 +0.5
	-0.497 3 -1 -0.5 -0.5
	+0.385 3 -3 +0.5 +0.5
	-0.371 3 -2 +0.5 -0.5
E = +158.760 kHz
	-1.000 3 -3 -0.5 +0.5
	+0.333 3 -2 -0.5 -0.5
	+0.185 3 -3 +0.5 -0.5
E = +158.760 kHz
	+1.000 3 -1 -0.5 +0.5
	-0.646 3 +0 -0.5 -0.5
	-0.627 3 -1 +0.5 -0.5
	+0.590 3 -2 +0.5 +0.5
E = +158.760 kHz
	-1.000 3 +3 +0.5 -0.5
	+0.333 3 +2 +0.5 +0.5
	+0.185 3 +3 -0.5 +0.5
E = +158.760 kHz
	-1.000 3 +1 +0.5 -0.5
	+0.646 3 +0 +0.5 +0.5
	+0.627 3 +1 -0.5 +0.5
	-0.590 3 +2 -0.5 -0.5
	+0.112 3 +0 +0.5 -0.5
	-0.112 3 +0 -0.5 +0.5
E = -225.820 kHz
	-1.000 3 +2 -0.5 +0.5
	+0.666 3 +1 +0.5 +0.5
	-0.515 3 +3 -0.5 -0.5
	+0.158 3 +2 +0.5 -0.5
E = -225.820 kHz
	+1.000 3 -2 +0.5 -0.5
	-0.666 3 -1 -0.5 -0.5
	+0.515 3 -3 +0.5 +0.5
	-0.158 3 -2 -0.5 +0.5
E = -225.820 kHz
	-1.000 3 +3 -0.5 +0.5
	+0.426 3 +2 +0.5 +0.5
E = -225.820 kHz
	-1.000 3 +1 -0.5 +0.5
	+0.923 3 +0 +0.5 +0.5
	-0.843 3 +2 -0.5 -0.5
	+0.467 3 +1 +0.5 -0.5
	+0.223 3 -1 +0.5 +0.5
	-0.223 3 +1 -0.5 -0.5
	-0.177 3 +0 -0.5 +0.5
	+0.177 3 +0 +0.5 -0.5
E = -225.820 kHz
	-1.000 3 -1 +0.5 +0.5
	+1.000 3 +1 -0.5 -0.5
	+0.794 3 +0 -0.5 +0.5
	-0.794 3 +0 +0.5 -0.5
	-0.261 3 +1 -0.5 +0.5
	+0.241 3 +0 +0.5 +0.5
	-0.220 3 +2 -0.5 -0.5
	+0.122 3 +1 +0.5 -0.5
E = -225.820 kHz
	-1.000 3 -1 +0.5 -0.5
	+0.923 3 +0 -0.5 -0.5
	-0.843 3 -2 +0.5 +0.5
	+0.467 3 -1 -0.5 +0.5
E = -225.820 kHz
	-1.000 3 -3 +0.5 -0.5
	+0.426 3 -2 -0.5 -0.5
E = -289.765 kHz
	+1.000 3 +3 -0.5 -0.5
	-0.408 3 +2 +0.5 -0.5
	-0.408 3 +2 -0.5 +0.5
	+0.258 3 +1 +0.5 +0.5
E = -289.765 kHz
	+1.000 3 +2 -0.5 -0.5
	-0.632 3 +1 +0.5 -0.5
	-0.632 3 +1 -0.5 +0.5
	+0.548 3 +0 +0.5 +0.5
E = -289.765 kHz
	-1.000 3 -3 +0.5 +0.5
	+0.408 3 -2 -0.5 +0.5
	+0.408 3 -2 +0.5 -0.5
	-0.258 3 -1 -0.5 -0.5
E = -289.765 kHz
	+1.000 3 -2 +0.5 +0.5
	-0.632 3 -1 +0.5 -0.5
	-0.632 3 -1 -0.5 +0.5
	+0.548 3 +0 -0.5 -0.5
E = -289.765 kHz
	+1.000 3 +1 -0.5 -0.5
	+1.000 3 -1 +0.5 +0.5
	-0.866 3 +0 +0.5 -0.5
	-0.866 3 +0 -0.5 +0.5


=============================
J = 4    amp    J  mJ  m1  m2 
=============================
E = +285.151 kHz
	-1.000 4 -1 -0.5 -0.5
	-0.707 4 -2 -0.5 +0.5
	-0.707 4 -2 +0.5 -0.5
	-0.378 4 -3 +0.5 +0.5
E = +285.151 kHz
	+1.000 4 +1 +0.5 +0.5
	+0.707 4 +2 +0.5 -0.5
	+0.707 4 +2 -0.5 +0.5
	+0.378 4 +3 -0.5 -0.5
E = +285.151 kHz
	-1.000 4 +3 +0.5 +0.5
	-0.354 4 +4 -0.5 +0.5
	-0.354 4 +4 +0.5 -0.5
E = +285.151 kHz
	+1.000 4 -2 -0.5 -0.5
	+0.535 4 -3 +0.5 -0.5
	+0.535 4 -3 -0.5 +0.5
	+0.189 4 -4 +0.5 +0.5
E = +285.151 kHz
	+1.000 4 +0 -0.5 -0.5
	+0.894 4 -1 +0.5 -0.5
	+0.894 4 -1 -0.5 +0.5
	+0.632 4 -2 +0.5 +0.5
E = +285.151 kHz
	+1.000 4 +4 +0.5 +0.5
E = +285.151 kHz
	+1.000 4 -4 -0.5 -0.5
E = +285.151 kHz
	+1.000 4 -3 -0.5 -0.5
	+0.354 4 -4 -0.5 +0.5
	+0.354 4 -4 +0.5 -0.5
E = +285.151 kHz
	-1.000 4 +0 +0.5 +0.5
	-0.894 4 +1 +0.5 -0.5
	-0.894 4 +1 -0.5 +0.5
	-0.632 4 +2 -0.5 -0.5
E = +285.151 kHz
	+1.000 4 +2 +0.5 +0.5
	+0.535 4 +3 +0.5 -0.5
	+0.535 4 +3 -0.5 +0.5
	+0.189 4 +4 -0.5 -0.5
E = +285.151 kHz
	-1.000 4 +0 +0.5 -0.5
	-1.000 4 +0 -0.5 +0.5
	-0.894 4 +1 -0.5 -0.5
	-0.894 4 -1 +0.5 +0.5
E = +212.161 kHz
	+1.000 4 +2 +0.5 -0.5
	-0.577 4 +1 +0.5 +0.5
	+0.509 4 +3 -0.5 -0.5
	-0.456 4 +2 -0.5 +0.5
E = +212.161 kHz
	+1.000 4 +3 +0.5 -0.5
	-0.448 4 +2 +0.5 +0.5
	+0.339 4 +4 -0.5 -0.5
	-0.281 4 +3 -0.5 +0.5
E = +212.161 kHz
	-1.000 4 -3 -0.5 +0.5
	+0.448 4 -2 -0.5 -0.5
	-0.339 4 -4 +0.5 +0.5
	+0.281 4 -3 +0.5 -0.5
E = +212.161 kHz
	-1.000 4 -2 -0.5 +0.5
	+0.577 4 -1 -0.5 -0.5
	-0.509 4 -3 +0.5 +0.5
	+0.456 4 -2 +0.5 -0.5
E = +212.161 kHz
	-1.000 4 +1 +0.5 -0.5
	+0.704 4 +0 +0.5 +0.5
	+0.685 4 +1 -0.5 +0.5
	-0.668 4 +2 -0.5 -0.5
E = +212.161 kHz
	+1.000 4 +0 -0.5 +0.5
	-1.000 4 +0 +0.5 -0.5
	+0.836 4 -1 +0.5 +0.5
	-0.836 4 +1 -0.5 -0.5
E = +212.161 kHz
	-1.000 4 -4 -0.5 +0.5
	+0.303 4 -3 -0.5 -0.5
	+0.144 4 -4 +0.5 -0.5
E = +212.161 kHz
	-1.000 4 +4 +0.5 -0.5
	+0.303 4 +3 +0.5 +0.5
	+0.144 4 +4 -0.5 +0.5
E = +212.161 kHz
	+1.000 4 -1 -0.5 +0.5
	-0.704 4 +0 -0.5 -0.5
	-0.685 4 -1 +0.5 -0.5
	+0.668 4 -2 +0.5 +0.5
E = -279.221 kHz
	-1.000 4 -2 +0.5 -0.5
	+0.739 4 -1 -0.5 -0.5
	-0.652 4 -3 +0.5 +0.5
	+0.303 4 -2 -0.5 +0.5
E = -279.221 kHz
	-1.000 4 -4 +0.5 -0.5
	+0.365 4 -3 -0.5 -0.5
E = -279.221 kHz
	+1.000 4 +4 -0.5 +0.5
	-0.365 4 +3 +0.5 +0.5
E = -279.221 kHz
	-1.000 4 -1 +0.5 -0.5
	+0.944 4 +0 -0.5 -0.5
	-0.895 4 -2 +0.5 +0.5
	+0.578 4 -1 -0.5 +0.5
	-0.142 4 -2 +0.5 -0.5
	+0.105 4 -1 -0.5 -0.5
E = -279.221 kHz
	+1.000 4 -3 +0.5 -0.5
	-0.555 4 -2 -0.5 -0.5
	+0.420 4 -4 +0.5 +0.5
	-0.110 4 -3 -0.5 +0.5
E = -279.221 kHz
	-1.000 4 +2 -0.5 +0.5
	-0.927 4 +3 -0.5 +0.5
	+0.739 4 +1 +0.5 +0.5
	-0.652 4 +3 -0.5 -0.5
	+0.515 4 +2 +0.5 +0.5
	-0.389 4 +4 -0.5 -0.5
	+0.303 4 +2 +0.5 -0.5
	+0.153 4 +4 -0.5 +0.5
	+0.102 4 +3 +0.5 -0.5
E = -279.221 kHz
	+1.000 4 +1 -0.5 +0.5
	-0.944 4 +0 +0.5 +0.5
	+0.895 4 +2 -0.5 -0.5
	-0.578 4 +1 +0.5 -0.5
E = -279.221 kHz
	-1.000 4 +3 -0.5 +0.5
	+0.680 4 +2 -0.5 +0.5
	+0.555 4 +2 +0.5 +0.5
	-0.503 4 +1 +0.5 +0.5
	+0.443 4 +3 -0.5 -0.5
	-0.420 4 +4 -0.5 -0.5
	-0.206 4 +2 +0.5 -0.5
	+0.110 4 +3 +0.5 -0.5
E = -279.221 kHz
	+1.000 4 -1 +0.5 +0.5
	-1.000 4 +1 -0.5 -0.5
	-0.836 4 +0 -0.5 +0.5
	+0.836 4 +0 +0.5 -0.5
E = -361.875 kHz
	-1.000 4 -3 +0.5 +0.5
	+0.535 4 -2 +0.5 -0.5
	+0.535 4 -2 -0.5 +0.5
	-0.378 4 -1 -0.5 -0.5
E = -361.875 kHz
	-1.000 4 +4 -0.5 -0.5
	+0.354 4 +3 +0.5 -0.5
	+0.354 4 +3 -0.5 +0.5
	-0.189 4 +2 +0.5 +0.5
E = -361.875 kHz
	-1.000 4 -4 +0.5 +0.5
	+0.354 4 -3 -0.5 +0.5
	+0.354 4 -3 +0.5 -0.5
	-0.189 4 -2 -0.5 -0.5
E = -361.875 kHz
	+1.000 4 +3 -0.5 -0.5
	-0.535 4 +2 -0.5 +0.5
	-0.535 4 +2 +0.5 -0.5
	+0.378 4 +1 +0.5 +0.5
E = -361.875 kHz
	+1.000 4 +2 -0.5 -0.5
	-0.707 4 +1 -0.5 +0.5
	-0.707 4 +1 +0.5 -0.5
	+0.632 4 +0 +0.5 +0.5
E = -361.875 kHz
	+1.000 4 -2 +0.5 +0.5
	-0.707 4 -1 -0.5 +0.5
	-0.707 4 -1 +0.5 -0.5
	+0.632 4 +0 -0.5 -0.5
E = -361.875 kHz
	-1.000 4 +1 -0.5 -0.5
	-1.000 4 -1 +0.5 +0.5
	+0.894 4 +0 +0.5 -0.5
	+0.894 4 +0 -0.5 +0.5


=============================
J = 5    amp    J  mJ  m1  m2 
=============================
E = +357.148 kHz
	-1.000 5 +1 +0.5 +0.5
	-0.756 5 +2 +0.5 -0.5
	-0.756 5 +2 -0.5 +0.5
	-0.463 5 +3 -0.5 -0.5
E = +357.148 kHz
	-1.000 5 +2 +0.5 +0.5
	-0.612 5 +3 -0.5 +0.5
	-0.612 5 +3 +0.5 -0.5
	-0.289 5 +4 -0.5 -0.5
E = +357.148 kHz
	+1.000 5 +0 -0.5 -0.5
	+0.913 5 -1 +0.5 -0.5
	+0.913 5 -1 -0.5 +0.5
	+0.690 5 -2 +0.5 +0.5
	+0.110 5 +0 -0.5 +0.5
	+0.110 5 +0 +0.5 -0.5
	+0.100 5 -1 +0.5 +0.5
	+0.100 5 +1 -0.5 -0.5
E = +357.148 kHz
	-1.000 5 -2 -0.5 -0.5
	-0.612 5 -3 -0.5 +0.5
	-0.612 5 -3 +0.5 -0.5
	-0.289 5 -4 +0.5 +0.5
E = +357.148 kHz
	+1.000 5 +3 +0.5 +0.5
	+0.471 5 +4 +0.5 -0.5
	+0.471 5 +4 -0.5 +0.5
	+0.149 5 +5 -0.5 -0.5
E = +357.148 kHz
	+1.000 5 +4 +0.5 +0.5
	+0.316 5 +5 +0.5 -0.5
	+0.316 5 +5 -0.5 +0.5
E = +357.148 kHz
	+1.000 5 +5 +0.5 +0.5
E = +357.148 kHz
	+1.000 5 -4 -0.5 -0.5
	+0.316 5 -5 -0.5 +0.5
	+0.316 5 -5 +0.5 -0.5
E = +357.148 kHz
	+1.000 5 -5 -0.5 -0.5
E = +357.148 kHz
	-1.000 5 -3 -0.5 -0.5
	-0.471 5 -4 -0.5 +0.5
	-0.471 5 -4 +0.5 -0.5
	-0.149 5 -5 +0.5 +0.5
E = +357.148 kHz
	+1.000 5 +0 +0.5 +0.5
	+0.913 5 +1 +0.5 -0.5
	+0.913 5 +1 -0.5 +0.5
	+0.690 5 +2 -0.5 -0.5
E = +357.148 kHz
	-1.000 5 -1 -0.5 -0.5
	-0.756 5 -2 +0.5 -0.5
	-0.756 5 -2 -0.5 +0.5
	-0.463 5 -3 +0.5 +0.5
E = +357.148 kHz
	+1.000 5 +0 -0.5 +0.5
	+1.000 5 +0 +0.5 -0.5
	+0.913 5 -1 +0.5 +0.5
	+0.913 5 +1 -0.5 -0.5
	-0.128 5 +0 -0.5 -0.5
	-0.117 5 -1 -0.5 +0.5
	-0.117 5 -1 +0.5 -0.5
E = +265.802 kHz
	+1.000 5 -3 -0.5 +0.5
	-0.524 5 -2 -0.5 -0.5
	+0.454 5 -4 +0.5 +0.5
	-0.358 5 -3 +0.5 -0.5
E = +265.802 kHz
	+1.000 5 +2 +0.5 -0.5
	-0.634 5 +1 +0.5 +0.5
	+0.587 5 +3 -0.5 -0.5
	-0.520 5 +2 -0.5 +0.5
	-0.132 5 +3 +0.5 -0.5
E = +265.802 kHz
	-1.000 5 -1 -0.5 +0.5
	+0.746 5 +0 -0.5 -0.5
	+0.728 5 -1 +0.5 -0.5
	-0.721 5 -2 +0.5 +0.5
E = +265.802 kHz
	+1.000 5 +5 +0.5 -0.5
	-0.279 5 +4 +0.5 +0.5
	-0.118 5 +5 -0.5 +0.5
E = +265.802 kHz
	+1.000 5 +4 +0.5 -0.5
	-0.410 5 +3 +0.5 +0.5
	+0.306 5 +5 -0.5 -0.5
	-0.226 5 +4 -0.5 +0.5
	+0.158 5 +3 +0.5 -0.5
E = +265.802 kHz
	+1.000 5 -4 -0.5 +0.5
	-0.410 5 -3 -0.5 -0.5
	+0.306 5 -5 +0.5 +0.5
	-0.226 5 -4 +0.5 -0.5
E = +265.802 kHz
	+1.000 5 +3 +0.5 -0.5
	-0.524 5 +2 +0.5 +0.5
	+0.454 5 +4 -0.5 -0.5
	-0.358 5 +3 -0.5 +0.5
	-0.196 5 +4 +0.5 -0.5
	+0.105 5 +2 +0.5 -0.5
E = +265.802 kHz
	-1.000 5 -5 -0.5 +0.5
	+0.279 5 -4 -0.5 -0.5
	+0.118 5 -5 +0.5 -0.5
E = +265.802 kHz
	+1.000 5 +1 +0.5 -0.5
	-0.746 5 +0 +0.5 +0.5
	-0.728 5 +1 -0.5 +0.5
	+0.721 5 +2 -0.5 -0.5
E = +265.802 kHz
	+1.000 5 -2 -0.5 +0.5
	-0.634 5 -1 -0.5 -0.5
	+0.587 5 -3 +0.5 +0.5
	-0.520 5 -2 +0.5 -0.5
E = +265.802 kHz
	+1.000 5 +0 +0.5 -0.5
	-1.000 5 +0 -0.5 +0.5
	+0.864 5 +1 -0.5 -0.5
	-0.864 5 -1 +0.5 +0.5
	-0.109 5 -1 -0.5 +0.5
E = -332.862 kHz
	+1.000 5 -3 +0.5 -0.5
	-0.634 5 -2 -0.5 -0.5
	+0.549 5 -4 +0.5 +0.5
	-0.224 5 -3 -0.5 +0.5
E = -332.862 kHz
	-1.000 5 -1 +0.5 -0.5
	+0.956 5 +0 -0.5 -0.5
	-0.923 5 -2 +0.5 +0.5
	+0.651 5 -1 -0.5 +0.5
E = -332.862 kHz
	-1.000 5 -1 +0.5 +0.5
	+1.000 5 +1 -0.5 -0.5
	+0.864 5 +0 -0.5 +0.5
	-0.864 5 +0 +0.5 -0.5
E = -332.862 kHz
	+1.000 5 +5 -0.5 +0.5
	-0.325 5 +4 +0.5 +0.5
E = -332.862 kHz
	+1.000 5 +3 -0.5 +0.5
	-0.634 5 +2 +0.5 +0.5
	+0.569 5 +2 -0.5 +0.5
	+0.549 5 +4 -0.5 -0.5
	-0.447 5 +1 +0.5 +0.5
	+0.414 5 +3 -0.5 -0.5
	-0.231 5 +2 +0.5 -0.5
	-0.224 5 +3 +0.5 -0.5
E = -332.862 kHz
	+1.000 5 +2 -0.5 +0.5
	-0.786 5 +1 +0.5 +0.5
	-0.747 5 +3 -0.5 +0.5
	+0.728 5 +3 -0.5 -0.5
	+0.473 5 +2 +0.5 +0.5
	-0.410 5 +4 -0.5 -0.5
	-0.406 5 +2 +0.5 -0.5
	+0.167 5 +3 +0.5 -0.5
E = -332.862 kHz
	+1.000 5 +1 -0.5 +0.5
	-0.956 5 +0 +0.5 +0.5
	+0.923 5 +2 -0.5 -0.5
	-0.651 5 +1 +0.5 -0.5
E = -332.862 kHz
	-1.000 5 -2 +0.5 -0.5
	+0.786 5 -1 -0.5 -0.5
	-0.728 5 -3 +0.5 +0.5
	+0.406 5 -2 -0.5 +0.5
E = -332.862 kHz
	-1.000 5 -5 +0.5 -0.5
	+0.325 5 -4 -0.5 -0.5
E = -332.862 kHz
	-1.000 5 +4 -0.5 +0.5
	+0.486 5 +3 +0.5 +0.5
	-0.362 5 +5 -0.5 -0.5
E = -332.862 kHz
	+1.000 5 -4 +0.5 -0.5
	-0.486 5 -3 -0.5 -0.5
	+0.362 5 -5 +0.5 +0.5
E = -433.918 kHz
	+1.000 5 -2 +0.5 +0.5
	-0.756 5 -1 -0.5 +0.5
	-0.756 5 -1 +0.5 -0.5
	+0.690 5 +0 -0.5 -0.5
E = -433.918 kHz
	+1.000 5 +2 -0.5 -0.5
	-0.756 5 +1 -0.5 +0.5
	-0.756 5 +1 +0.5 -0.5
	+0.690 5 +0 +0.5 +0.5
	+0.512 5 +1 -0.5 -0.5
	+0.512 5 -1 +0.5 +0.5
	-0.467 5 +0 +0.5 -0.5
	-0.467 5 +0 -0.5 +0.5
	+0.100 5 -2 +0.5 +0.5
E = -433.918 kHz
	+1.000 5 -4 +0.5 +0.5
	-0.471 5 -3 +0.5 -0.5
	-0.471 5 -3 -0.5 +0.5
	+0.289 5 -2 -0.5 -0.5
E = -433.918 kHz
	-1.000 5 +1 -0.5 -0.5
	-1.000 5 -1 +0.5 +0.5
	+0.913 5 +0 +0.5 -0.5
	+0.913 5 +0 -0.5 +0.5
	+0.725 5 +2 -0.5 -0.5
	-0.548 5 +1 -0.5 +0.5
	-0.548 5 +1 +0.5 -0.5
	+0.500 5 +0 +0.5 +0.5
E = -433.918 kHz
	-1.000 5 -5 +0.5 +0.5
	+0.316 5 -4 +0.5 -0.5
	+0.316 5 -4 -0.5 +0.5
	-0.149 5 -3 -0.5 -0.5
E = -433.918 kHz
	-1.000 5 +5 -0.5 -0.5
	+0.316 5 +4 -0.5 +0.5
	+0.316 5 +4 +0.5 -0.5
	-0.149 5 +3 +0.5 +0.5
E = -433.918 kHz
	-1.000 5 +4 -0.5 -0.5
	+0.471 5 +3 -0.5 +0.5
	+0.471 5 +3 +0.5 -0.5
	-0.289 5 +2 +0.5 +0.5
	-0.119 5 +3 -0.5 -0.5
E = -433.918 kHz
	-1.000 5 +3 -0.5 -0.5
	+0.612 5 +2 +0.5 -0.5
	+0.612 5 +2 -0.5 +0.5
	-0.463 5 +1 +0.5 +0.5
	+0.153 5 +4 -0.5 -0.5
E = -433.918 kHz
	+1.000 5 -3 +0.5 +0.5
	-0.612 5 -2 -0.5 +0.5
	-0.612 5 -2 +0.5 -0.5
	+0.463 5 -1 -0.5 -0.5